SCREENWIDTH = 200
SCREENHEIGHT = 150
TICKRATE = 100000  # frame per sec
velocity = 2  # pixels per frame
apple_size = 2  # pixels
snake_size = 6  # pixels
positioner = snake_size//velocity
population_size = 100
parents_size = 10
idle_time = 2500  # ms
mutation_rate = 100  # per mile
mutation_frequency = 10  # percent
crossing_probability = 20  # percent
epoch_number = 10000

<<<<<<<<<<<<<<<<<<<<<<<<<<<<<<Training>>>>>>>>>>>>>>>>>>>>>>>>>>>>>>

Epoch;Best;Average
1;2.019;0.18078
2;3.004;0.42123
3;3.022;0.8732
4;6.018;1.3367099999999998
5;6.058;1.89939
6;15.122;2.42165
7;37.273;3.20795
8;35.282;4.95127
9;39.284;5.27325
10;34.192;5.73594
11;29.138;6.4922699999999995
12;48.523;9.86697
13;33.118;7.96203
14;48.236;8.39179
15;46.199;11.59358
16;51.253;10.9299
17;47.187;10.39847
18;41.221;13.05127
19;40.203;13.11074
20;46.25;11.21249
21;39.179;11.60594
22;44.207;9.92614
23;44.208;11.43507
24;41.223;9.28138
25;56.258;13.95804
26;47.217;12.69856
27;53.273;13.57598
28;42.21;13.72302
29;46.243;13.81531
30;51.24;14.33742
31;63.284;14.14886
32;49.238;17.18068
33;44.213;13.94594
34;47.23;15.81223
35;54.25;15.10034
36;55.263;14.087
37;46.156;15.72447
38;47.248;15.4298
39;58.252;14.99895
40;38.171;14.17802
41;62.316;15.28996
42;51.244;15.74482
43;44.209;15.68306
44;46.199;13.40009
45;46.207;15.39065
46;50.164;13.22025
47;41.198;13.61132
48;47.227;12.728
49;41.22;14.65019
50;49.216;14.04377
51;50.171;14.09531
52;56.267;15.9012
53;50.225;15.44739
54;41.184;14.09505
55;57.188;15.98233
56;54.248;14.14659
57;61.294;14.936069999999999
58;50.203;14.24182
59;57.266;13.9158
60;46.214;13.40311
61;47.234;13.060550000000001
62;45.194;12.72165
63;40.186;13.32684
64;42.294;13.57802
65;53.288;14.33473
66;49.232;14.52952
67;43.208;14.16642
68;47.231;15.3332
69;41.195;14.5167
70;49.255;15.59497
71;49.236;16.66078
72;59.27;17.70246
73;40.213;15.47269
74;48.21;13.40374
75;52.226;12.64137
76;44.232;15.35255
77;43.214;13.45394
78;52.218;13.82344
79;53.218;14.16446
80;41.173;15.63916
81;42.194;14.69622
82;50.21;14.56685
83;55.251;14.04578
84;54.262;15.7534
85;52.24;15.80538
86;49.242;16.16589
87;45.185;16.17781
88;42.199;14.95921
89;56.228;17.52053
90;44.229;14.98896
91;46.209;16.68646
92;47.243;14.28895
93;47.191;14.52759
94;41.192;15.17119
95;50.236;16.94767
96;52.248;13.59336
97;42.221;14.2147
98;53.24;13.83588
99;41.21;15.29175
100;48.226;15.59307
101;43.213;15.55219
102;57.268;15.59164
103;41.198;14.44943
104;52.195;15.843
105;52.3;14.55894
106;50.286;16.85892
107;48.191;16.8673
108;39.199;14.17618
109;56.23;17.02874
110;48.188;14.39682
111;46.212;12.28881
112;51.264;14.64723
113;45.202;15.60412
114;54.254;16.22653
115;48.222;13.20257
116;56.292;14.6798
117;42.178;15.189119999999999
118;41.216;13.36364
119;44.194;14.21572
120;56.273;15.09287
121;45.194;14.66969
122;43.193;15.21118
123;47.222;15.77343
124;57.242;16.04448
125;45.23;14.59704
126;55.258;15.31011
127;49.239;14.25833
128;49.207;14.5058
129;47.205;15.09068
130;45.227;14.28754
131;40.206;16.14712
132;49.216;13.63414
133;48.238;16.2874
134;47.219;14.59821
135;38.193;13.17164
136;50.232;14.59045
137;52.23;13.87308
138;49.238;14.30812
139;53.292;14.37721
140;55.256;12.79749
141;53.223;14.845979999999999
142;57.264;14.688930000000001
143;41.21;13.23177
144;49.225;13.17196
145;49.244;13.74528
146;58.254;15.21021
147;43.194;15.17919
148;55.261;14.11411
149;40.195;12.88746
150;61.296;14.99674
151;41.167;13.61291
152;50.231;15.56306
153;41.185;12.507530000000001
154;42.184;14.54842
155;44.201;13.35108
156;49.227;14.7651
157;55.247;15.01747
158;44.178;13.54852
159;42.148;14.11131
160;54.217;14.81348
161;63.286;13.61814
162;45.195;14.71541
163;50.233;12.03773
164;48.248;15.55355
165;48.195;15.16105
166;43.198;12.20021
167;51.256;15.36461
168;51.208;13.65253
169;40.171;15.17985
170;39.166;16.32511
171;48.241;16.75855
172;45.209;14.67882
173;53.263;14.10666
174;48.195;15.34082
175;59.316;15.82298
176;43.2;15.30155
177;52.27;15.47079
178;53.223;14.85692
179;45.165;13.061819999999999
180;46.199;12.66778
181;51.243;14.95959
182;42.193;15.06933
183;47.228;13.79538
184;61.278;13.87613
185;50.202;15.56037
186;56.192;13.85259
187;50.162;14.60728
188;50.239;13.17039
189;51.25;13.31059
190;61.265;13.22002
191;47.211;12.91832
192;46.233;15.68536
193;52.222;15.94525
194;44.223;13.12184
195;64.319;16.92958
196;45.192;14.781179999999999
197;46.224;14.86056
198;50.243;14.60839
199;48.225;15.70489
200;51.252;12.41075
201;40.18;14.04616
202;54.279;16.7184
203;52.248;12.96179
204;42.225;15.0709
205;45.209;14.0475
206;41.252;13.11159
207;37.187;14.99165
208;50.277;16.35589
209;47.195;13.95385
210;52.247;13.81531
211;58.255;16.01499
212;49.259;13.58248
213;44.204;15.30247
214;50.232;14.75814
215;47.22;15.14226
216;42.237;12.28834
217;45.218;14.58824
218;45.181;13.89658
219;50.208;17.09145
220;48.202;14.92884
221;55.234;16.25688
222;50.228;13.93534
223;47.212;14.6171
224;52.229;12.55983
225;50.233;14.77932
226;40.174;13.01194
227;46.238;13.62489
228;53.228;14.30607
229;63.317;12.70829
230;54.224;14.80837
231;47.218;13.74665
232;46.228;13.22522
233;48.228;14.9508
234;49.242;15.27177
235;49.214;14.1959
236;49.202;15.52167
237;47.214;14.85843
238;52.265;14.29815
239;54.272;14.13572
240;63.29;16.30933
241;46.22;17.21964
242;45.21;15.25045
243;43.214;14.66734
244;48.237;13.19336
245;54.261;16.30732
246;57.288;14.91972
247;48.228;14.76858
248;49.216;14.48975
249;56.253;14.41794
250;54.263;16.07478
251;49.241;12.88978
252;49.231;15.543800000000001
253;54.244;15.16092
254;53.262;14.43903
255;43.189;15.25929
256;52.248;14.4385
257;45.224;12.7812
258;50.255;13.72399
259;45.219;12.28786
260;38.181;12.38903
261;40.183;13.15981
262;49.217;14.86064
263;53.237;16.20521
264;44.225;14.62939
265;46.236;14.48011
266;45.197;14.52696
267;47.247;14.55985
268;44.187;14.99118
269;53.24;15.73414
270;37.156;13.31043
271;45.215;13.51421
272;47.213;13.38251
273;45.216;15.60189
274;42.229;12.35783
275;47.185;15.82139
276;54.229;14.40826
277;51.221;14.38879
278;46.223;15.42226
279;50.268;14.08724
280;54.226;13.64396
281;45.243;14.76016
282;44.207;15.91444
283;42.223;14.05655
284;46.219;14.25635
285;60.263;14.77992
286;46.191;13.01065
287;48.254;14.286669999999999
288;50.224;14.75122
289;53.248;14.27683
290;51.231;15.44154
change -> bigger arena
291;42.196;12.68083
292;42.24;13.76458
293;35.157;14.44641
294;49.209;13.59392
